,0,1,2,3
0,0.998911203841,0.000345966590064,0.000570812660702,0.000172016907909
1,0.000321967123266,0.998632626491,0.000351288122232,0.000694118263994
2,0.00061387388557,0.000383321432648,0.998716852489,0.000285952192822
3,0.000180044509144,0.000575606980908,0.000404263507521,0.998840085002
