,0,1,2,3
0,0.999176616864,0.000288335971819,0.000372148027615,0.000162899136635
1,0.00025568546091,0.999119971388,0.000221259979168,0.000403083172291
2,0.000409625147125,0.000231435572185,0.999117592572,0.000241346708306
3,0.000197503113835,0.000408263117846,0.00030404923118,0.999090184537
