2019-07-24 09:53:08,676:INFO:root:Results created at /scratch/vdenef_fluxm/rprops/DESMAN/DESMAN_other_MAGs/Variants/MAG4/MAG4_scg.freqlog.txt
2019-07-24 09:53:10,132:INFO:root:Begun filtering variants with parameters: optimise probability = True, lr threshold = 25.0, min. coverage = 1.0, q-value threshold = 0.001, min. variant frequency = 0.01
2019-07-24 09:53:24,471:INFO:root:Variant filter iter: 0 3011 [[  9.97074209e-01   6.69450580e-04   1.76930483e-03   4.87035729e-04]
 [  7.85664961e-04   9.96015808e-01   1.03329287e-03   2.16523425e-03]
 [  1.90137029e-03   9.28104151e-04   9.96408861e-01   7.61664478e-04]
 [  5.20441939e-04   1.87162473e-03   7.73596696e-04   9.96834337e-01]]
2019-07-24 09:53:39,550:INFO:root:Variant filter iter: 1 3910 [[  9.98406920e-01   4.35437658e-04   9.16285244e-04   2.41356874e-04]
 [  4.84053771e-04   9.97793678e-01   5.19354930e-04   1.20291374e-03]
 [  1.03136458e-03   5.49029568e-04   9.97994361e-01   4.25244476e-04]
 [  2.42096361e-04   9.33523567e-04   4.92585395e-04   9.98331795e-01]]
2019-07-24 09:53:55,063:INFO:root:Variant filter iter: 2 4150 [[  9.98573242e-01   4.05671616e-04   8.00039688e-04   2.21047072e-04]
 [  4.16926791e-04   9.98157664e-01   4.54035458e-04   9.71373937e-04]
 [  8.91607127e-04   5.15966352e-04   9.98214627e-01   3.77799630e-04]
 [  2.10116212e-04   7.82862896e-04   4.48378832e-04   9.98558642e-01]]
2019-07-24 09:54:10,370:INFO:root:Variant filter iter: 3 4202 [[  9.98610349e-01   4.02168057e-04   7.70979452e-04   2.16503618e-04]
 [  4.16907032e-04   9.98225543e-01   4.42107720e-04   9.15442379e-04]
 [  8.44826951e-04   5.12853284e-04   9.98263772e-01   3.78547461e-04]
 [  2.10500637e-04   7.56097305e-04   4.44608823e-04   9.98588793e-01]]
2019-07-24 09:54:25,394:INFO:root:Variant filter iter: 4 4212 [[  9.98616059e-01   4.02337714e-04   7.67526876e-04   2.14076405e-04]
 [  4.17093489e-04   9.98231874e-01   4.42305447e-04   9.08726681e-04]
 [  8.29709005e-04   5.06502099e-04   9.98285268e-01   3.78520840e-04]
 [  2.09928159e-04   7.51805218e-04   4.44785286e-04   9.98593481e-01]]
2019-07-24 09:54:40,875:INFO:root:Variant filter iter: 5 4215 [[  9.98619029e-01   4.02389653e-04   7.64477369e-04   2.14104041e-04]
 [  4.14426198e-04   9.98237592e-01   4.42383521e-04   9.05597988e-04]
 [  8.29305678e-04   5.03875065e-04   9.98288235e-01   3.78584279e-04]
 [  2.09928159e-04   7.51805218e-04   4.44785286e-04   9.98593481e-01]]
2019-07-24 09:54:56,299:INFO:root:Variant filter iter: 6 4216 [[  9.98619029e-01   4.02389653e-04   7.64477369e-04   2.14104041e-04]
 [  4.14498909e-04   9.98240573e-01   4.42461137e-04   9.02467201e-04]
 [  8.29305678e-04   5.03875065e-04   9.98288235e-01   3.78584279e-04]
 [  2.09928159e-04   7.51805218e-04   4.44785286e-04   9.98593481e-01]]
2019-07-24 09:55:11,403:INFO:root:Variant filter iter: 7 4216 [[  9.98619029e-01   4.02389653e-04   7.64477369e-04   2.14104041e-04]
 [  4.14498909e-04   9.98240573e-01   4.42461137e-04   9.02467201e-04]
 [  8.29305678e-04   5.03875065e-04   9.98288235e-01   3.78584279e-04]
 [  2.09928159e-04   7.51805218e-04   4.44785286e-04   9.98593481e-01]]
2019-07-24 09:55:11,479:INFO:root:Completed variant filtering
2019-07-24 09:55:11,621:INFO:root:Output selected variants to ./Variants/MAG4/MAG4_scg.freqsel_var.csv
2019-07-24 09:55:11,725:INFO:root:Output minor variant frequencies to ./Variants/MAG4/MAG4_scg.freqv_df.csv
2019-07-24 09:55:11,784:INFO:root:Output p-values to ./Variants/MAG4/MAG4_scg.freqp_df.csv
2019-07-24 09:55:11,851:INFO:root:Output q-values to ./Variants/MAG4/MAG4_scg.freqq_df.csv
2019-07-24 09:55:11,920:INFO:root:Output log ratios to ./Variants/MAG4/MAG4_scg.freqr_df.csv
2019-07-24 09:55:11,996:INFO:root:Output estimated error matrix to ./Variants/MAG4/MAG4_scg.freqtran_df.csv
